[
	{
		"A": 0.775,
		"T": 0.19,
		"C": 0.025,
		"G": 0.01
	},
	{
		"A": 0.215,
		"T": 0.01,
		"C": 0.765,
		"G": 0.01
	},
	{
		"A": 0.175,
		"T": 0.775,
		"C": 0.01,
		"G": 0.04
	},
	{
		"A": 0.96,
		"T": 0.01,
		"C": 0.005,
		"G": 0.025
	},
	{
		"A": 0.005,
		"T": 0.79,
		"C": 0.015,
		"G": 0.19
	},
	{
		"A": 0.935,
		"T": 0.03,
		"C": 0.005,
		"G": 0.03
	},
	{
		"A": 0.94,
		"T": 0.035,
		"C": 0.015,
		"G": 0.01
	},
	{
		"A": 0.8,
		"T": 0.0,
		"C": 0.19,
		"G": 0.01
	},
	{
		"A": 0.025,
		"T": 0.195,
		"C": 0.0,
		"G": 0.78
	},
	{
		"A": 0.975,
		"T": 0.015,
		"C": 0.005,
		"G": 0.005
	},
	{
		"A": 0.765,
		"T": 0.21,
		"C": 0.015,
		"G": 0.01
	},
	{
		"A": 0.21,
		"T": 0.01,
		"C": 0.78,
		"G": 0.0
	},
	{
		"A": 0.19,
		"T": 0.78,
		"C": 0.01,
		"G": 0.02
	},
	{
		"A": 0.97,
		"T": 0.005,
		"C": 0.01,
		"G": 0.015
	},
	{
		"A": 0.02,
		"T": 0.775,
		"C": 0.015,
		"G": 0.19
	},
	{
		"A": 0.975,
		"T": 0.005,
		"C": 0.015,
		"G": 0.005
	},
	{
		"A": 0.96,
		"T": 0.025,
		"C": 0.005,
		"G": 0.01
	},
	{
		"A": 0.785,
		"T": 0.01,
		"C": 0.19,
		"G": 0.015
	},
	{
		"A": 0.01,
		"T": 0.215,
		"C": 0.01,
		"G": 0.765
	},
	{
		"A": 0.98,
		"T": 0.005,
		"C": 0.0,
		"G": 0.015
	},
	{
		"A": 0.775,
		"T": 0.195,
		"C": 0.02,
		"G": 0.01
	},
	{
		"A": 0.2,
		"T": 0.015,
		"C": 0.78,
		"G": 0.005
	},
	{
		"A": 0.2,
		"T": 0.76,
		"C": 0.015,
		"G": 0.025
	},
	{
		"A": 0.96,
		"T": 0.01,
		"C": 0.01,
		"G": 0.02
	},
	{
		"A": 0.015,
		"T": 0.775,
		"C": 0.02,
		"G": 0.19
	},
	{
		"A": 0.97,
		"T": 0.015,
		"C": 0.01,
		"G": 0.005
	},
	{
		"A": 0.845,
		"T": 0.055,
		"C": 0.05,
		"G": 0.05
	},
	{
		"A": 0.845,
		"T": 0.035,
		"C": 0.055,
		"G": 0.065
	},
	{
		"A": 0.07,
		"T": 0.07,
		"C": 0.05,
		"G": 0.81
	},
	{
		"A": 0.85,
		"T": 0.05,
		"C": 0.04,
		"G": 0.06
	}
]
