[
      {
             "A": 0.984372,
             "T": 0.000186311,
             "C": 0.0102326,
             "G": 0.00520882
      },
      {
             "A": 0.000191211,
             "T": 0.00520765,
             "C": 0.984371,
             "G": 0.0102301
      },
      {
             "A": 0.00521255,
             "T": 0.969303,
             "C": 0.0202753,
             "G": 0.00520882
      },
      {
             "A": 0.969308,
             "T": 0.010229,
             "C": 0.0152539,
             "G": 0.00520882
      },
      {
             "A": 0.0102339,
             "T": 0.979346,
             "C": 0.0102326,
             "G": 0.000187483
      },
      {
             "A": 0.954244,
             "T": 0.010229,
             "C": 0.0152539,
             "G": 0.0202728
      },
      {
             "A": 0.964287,
             "T": 0.010229,
             "C": 0.0152539,
             "G": 0.0102301
      },
      {
             "A": 0.964287,
             "T": 0.0152503,
             "C": 0.0152539,
             "G": 0.00520881
      },
      {
             "A": 0.000191211,
             "T": 0.00520765,
             "C": 0.000189933,
             "G": 0.994411
      },
      {
             "A": 0.969308,
             "T": 0.0202716,
             "C": 0.00521127,
             "G": 0.00520882
      },
      {
             "A": 0.97433,
             "T": 0.000186311,
             "C": 0.0252966,
             "G": 0.000187483
      },
      {
             "A": 0.0102339,
             "T": 0.0202716,
             "C": 0.964286,
             "G": 0.00520882
      },
      {
             "A": 0.0152552,
             "T": 0.964282,
             "C": 0.0152539,
             "G": 0.00520882
      },
      {
             "A": 0.979351,
             "T": 0.000186311,
             "C": 0.0102326,
             "G": 0.0102301
      },
      {
             "A": 0.0102339,
             "T": 0.979346,
             "C": 0.00521126,
             "G": 0.00520882
      },
      {
             "A": 0.959266,
             "T": 0.00520765,
             "C": 0.0152539,
             "G": 0.0202728
      },
      {
             "A": 0.969308,
             "T": 0.010229,
             "C": 0.00521127,
             "G": 0.0152515
      },
      {
             "A": 0.959266,
             "T": 0.0152503,
             "C": 0.0102326,
             "G": 0.0152515
      },
      {
             "A": 0.0152552,
             "T": 0.00520765,
             "C": 0.0102326,
             "G": 0.969305
      },
      {
             "A": 0.97433,
             "T": 0.00520765,
             "C": 0.0102326,
             "G": 0.0102301
      },
      {
             "A": 0.944202,
             "T": 0.025293,
             "C": 0.0152539,
             "G": 0.0152515
      },
      {
             "A": 0.00521254,
             "T": 0.00520765,
             "C": 0.984371,
             "G": 0.00520882
      },
      {
             "A": 0.0102339,
             "T": 0.979346,
             "C": 0.00521126,
             "G": 0.00520882
      },
      {
             "A": 0.959266,
             "T": 0.010229,
             "C": 0.0102326,
             "G": 0.0202728
      },
      {
             "A": 0.00521254,
             "T": 0.964282,
             "C": 0.0102326,
             "G": 0.0202728
      },
      {
             "A": 0.954244,
             "T": 0.010229,
             "C": 0.0202753,
             "G": 0.0152515
      },
      {
             "A": 0.989394,
             "T": 0.000186311,
             "C": 0.0102326,
             "G": 0.000187483
      },
      {
             "A": 0.949223,
             "T": 0.0202716,
             "C": 0.0102326,
             "G": 0.0202728
      },
      {
             "A": 0.0102339,
             "T": 0.010229,
             "C": 0.030318,
             "G": 0.949219
      },
      {
             "A": 0.959266,
             "T": 0.0152503,
             "C": 0.0152539,
             "G": 0.0102301
      },
]
