[
      {
             "A": 0.947654,
             "T": 0.0208985,
             "C": 0.0209022,
             "G": 0.010545
      },
      {
             "A": 0.000194047,
             "T": 0.000188995,
             "C": 0.994249,
             "G": 0.00536758
      },
      {
             "A": 0.0209035,
             "T": 0.932117,
             "C": 0.031257,
             "G": 0.0157223
      },
      {
             "A": 0.978719,
             "T": 0.0105438,
             "C": 0.0105475,
             "G": 0.000190203
      },
      {
             "A": 0.0105488,
             "T": 0.968359,
             "C": 0.0105475,
             "G": 0.010545
      },
      {
             "A": 0.983896,
             "T": 0.00536638,
             "C": 0.00537011,
             "G": 0.00536759
      },
      {
             "A": 0.968364,
             "T": 0.0105438,
             "C": 0.0105475,
             "G": 0.010545
      },
      {
             "A": 0.963186,
             "T": 0.0157211,
             "C": 0.000192729,
             "G": 0.0208997
      },
      {
             "A": 0.00537142,
             "T": 0.000188995,
             "C": 0.0157249,
             "G": 0.978715
      },
      {
             "A": 0.983896,
             "T": 0.000188995,
             "C": 0.0105475,
             "G": 0.00536759
      },
      {
             "A": 0.958009,
             "T": 0.00536637,
             "C": 0.00537011,
             "G": 0.0312545
      },
      {
             "A": 0.0105488,
             "T": 0.00536637,
             "C": 0.968363,
             "G": 0.0157223
      },
      {
             "A": 0.000194047,
             "T": 0.978713,
             "C": 0.0157249,
             "G": 0.00536758
      },
      {
             "A": 0.978719,
             "T": 0.0105438,
             "C": 0.00537011,
             "G": 0.00536758
      },
      {
             "A": 0.000194047,
             "T": 0.978713,
             "C": 0.0105475,
             "G": 0.010545
      },
      {
             "A": 0.978719,
             "T": 0.000188995,
             "C": 0.0157249,
             "G": 0.00536758
      },
      {
             "A": 0.952832,
             "T": 0.00536637,
             "C": 0.0209022,
             "G": 0.0208997
      },
      {
             "A": 0.952832,
             "T": 0.0105438,
             "C": 0.0157249,
             "G": 0.0208997
      },
      {
             "A": 0.00537142,
             "T": 0.00536637,
             "C": 0.00537011,
             "G": 0.983892
      },
      {
             "A": 0.973541,
             "T": 0.000188994,
             "C": 0.0105475,
             "G": 0.0157223
      },
      {
             "A": 0.973541,
             "T": 0.0105438,
             "C": 0.0105475,
             "G": 0.00536758
      },
      {
             "A": 0.00537142,
             "T": 0.0208985,
             "C": 0.963185,
             "G": 0.010545
      },
      {
             "A": 0.0157262,
             "T": 0.963181,
             "C": 0.0105475,
             "G": 0.010545
      },
      {
             "A": 0.952832,
             "T": 0.0260759,
             "C": 0.0157249,
             "G": 0.00536758
      },
      {
             "A": 0.0105488,
             "T": 0.978714,
             "C": 0.0105475,
             "G": 0.000190203
      },
      {
             "A": 0.947654,
             "T": 0.00536638,
             "C": 0.0209022,
             "G": 0.0260771
      },
      {
             "A": 0.989073,
             "T": 0.00536637,
             "C": 0.00537011,
             "G": 0.000190203
      },
      {
             "A": 0.978719,
             "T": 0.000188995,
             "C": 0.0157249,
             "G": 0.00536758
      },
      {
             "A": 0.0157262,
             "T": 0.0260759,
             "C": 0.000192729,
             "G": 0.958005
      },
      {
             "A": 0.973541,
             "T": 0.00536637,
             "C": 0.0209022,
             "G": 0.000190203
      },
]
