[
 {
   "A": 0.02,
   "C": 0.425,
   "G": 0.045,
   "T": 0.51
 },
 {
   "A": 0.530864,
   "C": 0,
   "G": 0.469136,
   "T": 0
 },
 {
   "A": 0.25,
   "C": 0.295,
   "G": 0.205,
   "T": 0.25
 },
 {
   "A": 0.21,
   "C": 0.245,
   "G": 0.31,
   "T": 0.235
 },
 {
   "A": 0.29,
   "C": 0.245,
   "G": 0.225,
   "T": 0.24
 },
 {
   "A": 0.085,
   "C": 0.15,
   "G": 0.155,
   "T": 0.61
 },
 {
   "A": 0.135,
   "C": 0.64,
   "G": 0.08,
   "T": 0.145
 },
 {
   "A": 0.07,
   "C": 0.12,
   "G": 0.035,
   "T": 0.775
 },
 {
   "A": 0.095,
   "C": 0.05,
   "G": 0.185,
   "T": 0.67
 },
 {
   "A": 0.25,
   "C": 0.25,
   "G": 0.25,
   "T": 0.25
 },
 {
   "A": 0.005,
   "C": 0.14,
   "G": 0.05,
   "T": 0.805
 },
 {
   "A": 0.58,
   "C": 0.18,
   "G": 0.085,
   "T": 0.155
 },
 {
   "A": 0.13,
   "C": 0.115,
   "G": 0.185,
   "T": 0.57
 },
 {
   "A": 0.815,
   "C": 0.085,
   "G": 0.05,
   "T": 0.05
 },
 {
   "A": 0,
   "C": 0.185,
   "G": 0.755,
   "T": 0.06
 },
 {
   "A": 0.095,
   "C": 0.17,
   "G": 0.085,
   "T": 0.65
 }
]