[
      {
             "A": 0.989342,
             "T": 0.000186747,
             "C": 0.00523707,
             "G": 0.00523461
      },
      {
             "A": 0.0102851,
             "T": 0.00523343,
             "C": 0.984294,
             "G": 0.000187925
      },
      {
             "A": 0.00523836,
             "T": 0.974197,
             "C": 0.000190387,
             "G": 0.0203747
      },
      {
             "A": 0.979248,
             "T": 0.0102801,
             "C": 0.00523706,
             "G": 0.00523461
      },
      {
             "A": 0.000191672,
             "T": 0.96915,
             "C": 0.0203771,
             "G": 0.0102813
      },
      {
             "A": 0.954015,
             "T": 0.0102801,
             "C": 0.0254238,
             "G": 0.0102813
      },
      {
             "A": 0.959061,
             "T": 0.0102801,
             "C": 0.0254238,
             "G": 0.00523461
      },
      {
             "A": 0.979248,
             "T": 0.0102801,
             "C": 0.0102838,
             "G": 0.000187925
      },
      {
             "A": 0.00523836,
             "T": 0.0102801,
             "C": 0.0102838,
             "G": 0.974198
      },
      {
             "A": 0.954015,
             "T": 0.0304668,
             "C": 0.00523707,
             "G": 0.0102813
      },
      {
             "A": 0.969155,
             "T": 0.00523342,
             "C": 0.0153305,
             "G": 0.0102813
      },
      {
             "A": 0.0203785,
             "T": 0.000186747,
             "C": 0.969154,
             "G": 0.0102813
      },
      {
             "A": 0.0203785,
             "T": 0.959057,
             "C": 0.00523707,
             "G": 0.015328
      },
      {
             "A": 0.948968,
             "T": 0.00523342,
             "C": 0.0203771,
             "G": 0.0254213
      },
      {
             "A": 0.000191672,
             "T": 0.989337,
             "C": 0.00523707,
             "G": 0.00523461
      },
      {
             "A": 0.954015,
             "T": 0.0254201,
             "C": 0.00523707,
             "G": 0.015328
      },
      {
             "A": 0.989342,
             "T": 0.00523343,
             "C": 0.00523707,
             "G": 0.000187925
      },
      {
             "A": 0.984295,
             "T": 0.000186747,
             "C": 0.0102838,
             "G": 0.0052346
      },
      {
             "A": 0.00523835,
             "T": 0.0203734,
             "C": 0.00523706,
             "G": 0.969151
      },
      {
             "A": 0.964108,
             "T": 0.0153268,
             "C": 0.000190387,
             "G": 0.0203746
      },
      {
             "A": 0.979248,
             "T": 0.000186747,
             "C": 0.0153305,
             "G": 0.00523461
      },
      {
             "A": 0.0203785,
             "T": 0.0153268,
             "C": 0.948967,
             "G": 0.015328
      },
      {
             "A": 0.0102851,
             "T": 0.96915,
             "C": 0.00523706,
             "G": 0.015328
      },
      {
             "A": 0.984295,
             "T": 0.00523342,
             "C": 0.00523706,
             "G": 0.0052346
      },
      {
             "A": 0.00523836,
             "T": 0.974197,
             "C": 0.0102838,
             "G": 0.0102813
      },
      {
             "A": 0.974201,
             "T": 0.000186747,
             "C": 0.0203772,
             "G": 0.00523461
      },
      {
             "A": 0.964108,
             "T": 0.00523343,
             "C": 0.0153305,
             "G": 0.015328
      },
      {
             "A": 0.979248,
             "T": 0.00523343,
             "C": 0.0153305,
             "G": 0.000187925
      },
      {
             "A": 0.0254251,
             "T": 0.00523343,
             "C": 0.0102838,
             "G": 0.959058
      },
      {
             "A": 0.938875,
             "T": 0.0254201,
             "C": 0.0153305,
             "G": 0.0203747
      },
]
