[
 {
   "A": 0.38,
   "C": 0.075,
   "G": 0.09,
   "T": 0.455
 },
 {
   "A": 0.49,
   "C": 0.07,
   "G": 0.07,
   "T": 0.37
 },
 {
   "A": 0.38,
   "C": 0.085,
   "G": 0.04,
   "T": 0.495
 },
 {
   "A": 0.41,
   "C": 0.085,
   "G": 0.075,
   "T": 0.43
 },
 {
   "A": 0.365,
   "C": 0.075,
   "G": 0.055,
   "T": 0.505
 },
 {
   "A": 0.375,
   "C": 0.07,
   "G": 0.095,
   "T": 0.46
 },
 {
   "A": 0.46,
   "C": 0.04,
   "G": 0.08,
   "T": 0.42
 },
 {
   "A": 0.425,
   "C": 0.1,
   "G": 0.085,
   "T": 0.39
 },
 {
   "A": 0.435,
   "C": 0.1,
   "G": 0.06,
   "T": 0.405
 },
 {
   "A": 0.415,
   "C": 0.075,
   "G": 0.035,
   "T": 0.475
 },
 {
   "A": 0.46,
   "C": 0.07,
   "G": 0.09,
   "T": 0.38
 },
 {
   "A": 0.455,
   "C": 0.08,
   "G": 0.075,
   "T": 0.39
 },
 {
   "A": 0.44,
   "C": 0.015,
   "G": 0.005,
   "T": 0.54
 },
 {
   "A": 0.025,
   "C": 0.955,
   "G": 0.015,
   "T": 0.005
 },
 {
   "A": 0.005,
   "C": 0,
   "G": 0.01,
   "T": 0.985
 },
 {
   "A": 0.44,
   "C": 0.015,
   "G": 0.01,
   "T": 0.535
 },
 {
   "A": 0,
   "C": 0.01,
   "G": 0.01,
   "T": 0.98
 },
 {
   "A": 0.945,
   "C": 0.03,
   "G": 0.01,
   "T": 0.015
 },
 {
   "A": 0.46,
   "C": 0,
   "G": 0.005,
   "T": 0.535
 },
 {
   "A": 0.985,
   "C": 0,
   "G": 0,
   "T": 0.015
 },
 {
   "A": 0.03,
   "C": 0,
   "G": 0.965,
   "T": 0.005
 },
 {
   "A": 0.435,
   "C": 0.005,
   "G": 0.01,
   "T": 0.55
 }
]